   0.0000000000000000     
   1.0000000000000000     
   2.0000000000000000     
   3.0000000000000000     
   5.0000000000000000     
   7.0000000000000000     
   11.000000000000000     
   13.000000000000000     
   17.000000000000000     
   19.000000000000000     
   23.000000000000000     
   29.000000000000000     
   31.000000000000000     
   37.000000000000000     
   41.000000000000000     
   43.000000000000000     
   47.000000000000000     
   53.000000000000000     
   59.000000000000000     
   61.000000000000000     
   67.000000000000000     
   71.000000000000000     
   73.000000000000000     
   79.000000000000000     
   83.000000000000000     
   89.000000000000000     
   97.000000000000000     
   101.00000000000000     
   103.00000000000000     
   107.00000000000000     
   109.00000000000000     
   113.00000000000000     
   127.00000000000000     
   131.00000000000000     
   137.00000000000000     
   139.00000000000000     
   149.00000000000000     
   151.00000000000000     
   157.00000000000000     
   163.00000000000000     
   167.00000000000000     
   173.00000000000000     
   179.00000000000000     
   181.00000000000000     
   191.00000000000000     
   193.00000000000000     
   197.00000000000000     
   199.00000000000000     
   211.00000000000000     
   223.00000000000000     
   227.00000000000000     
   229.00000000000000     
   233.00000000000000     
   239.00000000000000     
   241.00000000000000     
   251.00000000000000     
   257.00000000000000     
   263.00000000000000     
   269.00000000000000     
   271.00000000000000     
   277.00000000000000     
   281.00000000000000     
   283.00000000000000     
   293.00000000000000     
   307.00000000000000     
   311.00000000000000     
   313.00000000000000     
   317.00000000000000     
   331.00000000000000     
   337.00000000000000     
   347.00000000000000     
   349.00000000000000     
   353.00000000000000     
   359.00000000000000     
   367.00000000000000     
   373.00000000000000     
   379.00000000000000     
   383.00000000000000     
   389.00000000000000     
   397.00000000000000     
   401.00000000000000     
   409.00000000000000     
   419.00000000000000     
   421.00000000000000     
   431.00000000000000     
   433.00000000000000     
   439.00000000000000     
   443.00000000000000     
   449.00000000000000     
   457.00000000000000     
   461.00000000000000     
   463.00000000000000     
   467.00000000000000     
   479.00000000000000     
   487.00000000000000     
   491.00000000000000     
   499.00000000000000     
   503.00000000000000     
   509.00000000000000     
   521.00000000000000     
   523.00000000000000     
   541.00000000000000     
   547.00000000000000     
   557.00000000000000     
   563.00000000000000     
   569.00000000000000     
   571.00000000000000     
   577.00000000000000     
   587.00000000000000     
   593.00000000000000     
   599.00000000000000     
   601.00000000000000     
   607.00000000000000     
   613.00000000000000     
   617.00000000000000     
   619.00000000000000     
   631.00000000000000     
   641.00000000000000     
   643.00000000000000     
   647.00000000000000     
   653.00000000000000     
   659.00000000000000     
   661.00000000000000     
   673.00000000000000     
   677.00000000000000     
   683.00000000000000     
   691.00000000000000     
   701.00000000000000     
   709.00000000000000     
   719.00000000000000     
   727.00000000000000     
   733.00000000000000     
   739.00000000000000     
   743.00000000000000     
   751.00000000000000     
   757.00000000000000     
   761.00000000000000     
   769.00000000000000     
   773.00000000000000     
   787.00000000000000     
   797.00000000000000     
   809.00000000000000     
   811.00000000000000     
   821.00000000000000     
   823.00000000000000     
   827.00000000000000     
   829.00000000000000     
   839.00000000000000     
   853.00000000000000     
   857.00000000000000     
   859.00000000000000     
   863.00000000000000     
   877.00000000000000     
   881.00000000000000     
   883.00000000000000     
   887.00000000000000     
   907.00000000000000     
   911.00000000000000     
   919.00000000000000     
   929.00000000000000     
   937.00000000000000     
   941.00000000000000     
   947.00000000000000     
   953.00000000000000     
   967.00000000000000     
   971.00000000000000     
   977.00000000000000     
   983.00000000000000     
   991.00000000000000     
   997.00000000000000     
   1009.0000000000000     
   1013.0000000000000     
   1019.0000000000000     
   1021.0000000000000     
   1031.0000000000000     
   1033.0000000000000     
   1039.0000000000000     
   1049.0000000000000     
   1051.0000000000000     
   1061.0000000000000     
   1063.0000000000000     
   1069.0000000000000     
   1087.0000000000000     
   1091.0000000000000     
   1093.0000000000000     
   1097.0000000000000     
   1103.0000000000000     
   1109.0000000000000     
   1117.0000000000000     
   1123.0000000000000     
   1129.0000000000000     
   1151.0000000000000     
   1153.0000000000000     
   1163.0000000000000     
   1171.0000000000000     
   1181.0000000000000     
   1187.0000000000000     
   1193.0000000000000     
   1201.0000000000000     
   1213.0000000000000     
   1217.0000000000000     
   1223.0000000000000     
   1229.0000000000000     
   1231.0000000000000     
   1237.0000000000000     
   1249.0000000000000     
   1259.0000000000000     
   1277.0000000000000     
   1279.0000000000000     
   1283.0000000000000     
   1289.0000000000000     
   1291.0000000000000     
   1297.0000000000000     
   1301.0000000000000     
   1303.0000000000000     
   1307.0000000000000     
   1319.0000000000000     
   1321.0000000000000     
   1327.0000000000000     
   1361.0000000000000     
   1367.0000000000000     
   1373.0000000000000     
   1381.0000000000000     
   1399.0000000000000     
   1409.0000000000000     
   1423.0000000000000     
   1427.0000000000000     
   1429.0000000000000     
   1433.0000000000000     
   1439.0000000000000     
   1447.0000000000000     
   1451.0000000000000     
   1453.0000000000000     
   1459.0000000000000     
   1471.0000000000000     
   1481.0000000000000     
   1483.0000000000000     
   1487.0000000000000     
   1489.0000000000000     
   1493.0000000000000     
   1499.0000000000000     
   1511.0000000000000     
   1523.0000000000000     
   1531.0000000000000     
   1543.0000000000000     
   1549.0000000000000     
   1553.0000000000000     
   1559.0000000000000     
   1567.0000000000000     
   1571.0000000000000     
   1579.0000000000000     
   1583.0000000000000     
   1597.0000000000000     
   1601.0000000000000     
   1607.0000000000000     
   1609.0000000000000     
   1613.0000000000000     
   1619.0000000000000     
   1621.0000000000000     
   1627.0000000000000     
   1637.0000000000000     
   1657.0000000000000     
   1663.0000000000000     
   1667.0000000000000     
   1669.0000000000000     
   1693.0000000000000     
   1697.0000000000000     
   1699.0000000000000     
   1709.0000000000000     
   1721.0000000000000     
   1723.0000000000000     
   1733.0000000000000     
   1741.0000000000000     
   1747.0000000000000     
   1753.0000000000000     
   1759.0000000000000     
   1777.0000000000000     
   1783.0000000000000     
   1787.0000000000000     
   1789.0000000000000     
   1801.0000000000000     
   1811.0000000000000     
   1823.0000000000000     
   1831.0000000000000     
   1847.0000000000000     
   1861.0000000000000     
   1867.0000000000000     
   1871.0000000000000     
   1873.0000000000000     
   1877.0000000000000     
   1879.0000000000000     
   1889.0000000000000     
   1901.0000000000000     
   1907.0000000000000     
   1913.0000000000000     
   1931.0000000000000     
   1933.0000000000000     
   1949.0000000000000     
   1951.0000000000000     
   1973.0000000000000     
   1979.0000000000000     
   1987.0000000000000     
   1993.0000000000000     
   1997.0000000000000     
   1999.0000000000000     
   2003.0000000000000     
   2011.0000000000000     
   2017.0000000000000     
   2027.0000000000000     
   2029.0000000000000     
   2039.0000000000000     
   2053.0000000000000     
   2063.0000000000000     
   2069.0000000000000     
   2081.0000000000000     
   2083.0000000000000     
   2087.0000000000000     
   2089.0000000000000     
   2099.0000000000000     
   2111.0000000000000     
   2113.0000000000000     
   2129.0000000000000     
   2131.0000000000000     
   2137.0000000000000     
   2141.0000000000000     
   2143.0000000000000     
   2153.0000000000000     
   2161.0000000000000     
   2179.0000000000000     
   2203.0000000000000     
   2207.0000000000000     
   2213.0000000000000     
   2221.0000000000000     
   2237.0000000000000     
   2239.0000000000000     
   2243.0000000000000     
   2251.0000000000000     
   2267.0000000000000     
   2269.0000000000000     
   2273.0000000000000     
   2281.0000000000000     
   2287.0000000000000     
   2293.0000000000000     
   2297.0000000000000     
   2309.0000000000000     
   2311.0000000000000     
   2333.0000000000000     
   2339.0000000000000     
   2341.0000000000000     
   2347.0000000000000     
   2351.0000000000000     
   2357.0000000000000     
   2371.0000000000000     
   2377.0000000000000     
   2381.0000000000000     
   2383.0000000000000     
   2389.0000000000000     
   2393.0000000000000     
   2399.0000000000000     
   2411.0000000000000     
   2417.0000000000000     
   2423.0000000000000     
   2437.0000000000000     
   2441.0000000000000     
   2447.0000000000000     
   2459.0000000000000     
   2467.0000000000000     
   2473.0000000000000     
   2477.0000000000000     
   2503.0000000000000     
   2521.0000000000000     
   2531.0000000000000     
   2539.0000000000000     
   2543.0000000000000     
   2549.0000000000000     
   2551.0000000000000     
   2557.0000000000000     
   2579.0000000000000     
   2591.0000000000000     
   2593.0000000000000     
   2609.0000000000000     
   2617.0000000000000     
   2621.0000000000000     
   2633.0000000000000     
   2647.0000000000000     
   2657.0000000000000     
   2659.0000000000000     
   2663.0000000000000     
   2671.0000000000000     
   2677.0000000000000     
   2683.0000000000000     
   2687.0000000000000     
   2689.0000000000000     
   2693.0000000000000     
   2699.0000000000000     
   2707.0000000000000     
   2711.0000000000000     
   2713.0000000000000     
   2719.0000000000000     
   2729.0000000000000     
   2731.0000000000000     
   2741.0000000000000     
   2749.0000000000000     
   2753.0000000000000     
   2767.0000000000000     
   2777.0000000000000     
   2789.0000000000000     
   2791.0000000000000     
   2797.0000000000000     
   2801.0000000000000     
   2803.0000000000000     
   2819.0000000000000     
   2833.0000000000000     
   2837.0000000000000     
   2843.0000000000000     
   2851.0000000000000     
   2857.0000000000000     
   2861.0000000000000     
   2879.0000000000000     
   2887.0000000000000     
   2897.0000000000000     
   2903.0000000000000     
   2909.0000000000000     
   2917.0000000000000     
   2927.0000000000000     
   2939.0000000000000     
   2953.0000000000000     
   2957.0000000000000     
   2963.0000000000000     
   2969.0000000000000     
   2971.0000000000000     
   2999.0000000000000     
   3001.0000000000000     
   3011.0000000000000     
   3019.0000000000000     
   3023.0000000000000     
   3037.0000000000000     
   3041.0000000000000     
   3049.0000000000000     
   3061.0000000000000     
   3067.0000000000000     
   3079.0000000000000     
   3083.0000000000000     
   3089.0000000000000     
   3109.0000000000000     
   3119.0000000000000     
   3121.0000000000000     
   3137.0000000000000     
   3163.0000000000000     
   3167.0000000000000     
   3169.0000000000000     
   3181.0000000000000     
   3187.0000000000000     
   3191.0000000000000     
   3203.0000000000000     
   3209.0000000000000     
   3217.0000000000000     
   3221.0000000000000     
   3229.0000000000000     
   3251.0000000000000     
   3253.0000000000000     
   3257.0000000000000     
   3259.0000000000000     
   3271.0000000000000     
   3299.0000000000000     
   3301.0000000000000     
   3307.0000000000000     
   3313.0000000000000     
   3319.0000000000000     
   3323.0000000000000     
   3329.0000000000000     
   3331.0000000000000     
   3343.0000000000000     
   3347.0000000000000     
   3359.0000000000000     
   3361.0000000000000     
   3371.0000000000000     
   3373.0000000000000     
   3389.0000000000000     
   3391.0000000000000     
   3407.0000000000000     
   3413.0000000000000     
   3433.0000000000000     
   3449.0000000000000     
   3457.0000000000000     
   3461.0000000000000     
   3463.0000000000000     
   3467.0000000000000     
   3469.0000000000000     
   3491.0000000000000     
   3499.0000000000000     
   3511.0000000000000     
   3517.0000000000000     
   3527.0000000000000     
   3529.0000000000000     
   3533.0000000000000     
   3539.0000000000000     
   3541.0000000000000     
   3547.0000000000000     
   3557.0000000000000     
   3559.0000000000000     
   3571.0000000000000     
   3581.0000000000000     
   3583.0000000000000     
   3593.0000000000000     
   3607.0000000000000     
   3613.0000000000000     
   3617.0000000000000     
   3623.0000000000000     
   3631.0000000000000     
   3637.0000000000000     
   3643.0000000000000     
   3659.0000000000000     
   3671.0000000000000     
   3673.0000000000000     
   3677.0000000000000     
   3691.0000000000000     
   3697.0000000000000     
   3701.0000000000000     
   3709.0000000000000     
   3719.0000000000000     
   3727.0000000000000     
   3733.0000000000000     
   3739.0000000000000     
   3761.0000000000000     
   3767.0000000000000     
   3769.0000000000000     
   3779.0000000000000     
   3793.0000000000000     
   3797.0000000000000     
   3803.0000000000000     
   3821.0000000000000     
   3823.0000000000000     
   3833.0000000000000     
   3847.0000000000000     
   3851.0000000000000     
   3853.0000000000000     
   3863.0000000000000     
   3877.0000000000000     
   3881.0000000000000     
   3889.0000000000000     
   3907.0000000000000     
   3911.0000000000000     
   3917.0000000000000     
   3919.0000000000000     
   3923.0000000000000     
   3929.0000000000000     
   3931.0000000000000     
   3943.0000000000000     
   3947.0000000000000     
   3967.0000000000000     
   3989.0000000000000     
   4001.0000000000000     
   4003.0000000000000     
   4007.0000000000000     
   4013.0000000000000     
   4019.0000000000000     
   4021.0000000000000     
   4027.0000000000000     
   4049.0000000000000     
   4051.0000000000000     
   4057.0000000000000     
   4073.0000000000000     
   4079.0000000000000     
   4091.0000000000000     
   4093.0000000000000     
   4099.0000000000000     
   4111.0000000000000     
   4127.0000000000000     
   4129.0000000000000     
   4133.0000000000000     
   4139.0000000000000     
   4153.0000000000000     
   4157.0000000000000     
   4159.0000000000000     
   4177.0000000000000     
   4201.0000000000000     
   4211.0000000000000     
   4217.0000000000000     
   4219.0000000000000     
   4229.0000000000000     
   4231.0000000000000     
   4241.0000000000000     
   4243.0000000000000     
   4253.0000000000000     
   4259.0000000000000     
   4261.0000000000000     
   4271.0000000000000     
   4273.0000000000000     
   4283.0000000000000     
   4289.0000000000000     
   4297.0000000000000     
   4327.0000000000000     
   4337.0000000000000     
   4339.0000000000000     
   4349.0000000000000     
   4357.0000000000000     
   4363.0000000000000     
   4373.0000000000000     
   4391.0000000000000     
   4397.0000000000000     
   4409.0000000000000     
   4421.0000000000000     
   4423.0000000000000     
   4441.0000000000000     
   4447.0000000000000     
   4451.0000000000000     
   4457.0000000000000     
   4463.0000000000000     
   4481.0000000000000     
   4483.0000000000000     
   4493.0000000000000     
   4507.0000000000000     
   4513.0000000000000     
   4517.0000000000000     
   4519.0000000000000     
   4523.0000000000000     
   4547.0000000000000     
   4549.0000000000000     
   4561.0000000000000     
   4567.0000000000000     
   4583.0000000000000     
   4591.0000000000000     
   4597.0000000000000     
   4603.0000000000000     
   4621.0000000000000     
   4637.0000000000000     
   4639.0000000000000     
   4643.0000000000000     
   4649.0000000000000     
   4651.0000000000000     
   4657.0000000000000     
   4663.0000000000000     
   4673.0000000000000     
   4679.0000000000000     
   4691.0000000000000     
   4703.0000000000000     
   4721.0000000000000     
   4723.0000000000000     
   4729.0000000000000     
   4733.0000000000000     
   4751.0000000000000     
   4759.0000000000000     
   4783.0000000000000     
   4787.0000000000000     
   4789.0000000000000     
   4793.0000000000000     
   4799.0000000000000     
   4801.0000000000000     
   4813.0000000000000     
   4817.0000000000000     
   4831.0000000000000     
   4861.0000000000000     
   4871.0000000000000     
   4877.0000000000000     
   4889.0000000000000     
   4903.0000000000000     
   4909.0000000000000     
   4919.0000000000000     
   4931.0000000000000     
   4933.0000000000000     
   4937.0000000000000     
   4943.0000000000000     
   4951.0000000000000     
   4957.0000000000000     
   4967.0000000000000     
   4969.0000000000000     
   4973.0000000000000     
   4987.0000000000000     
   4993.0000000000000     
   4999.0000000000000     
   5003.0000000000000     
   5009.0000000000000     
   5011.0000000000000     
   5021.0000000000000     
   5023.0000000000000     
   5039.0000000000000     
   5051.0000000000000     
   5059.0000000000000     
   5077.0000000000000     
   5081.0000000000000     
   5087.0000000000000     
   5099.0000000000000     
   5101.0000000000000     
   5107.0000000000000     
   5113.0000000000000     
   5119.0000000000000     
   5147.0000000000000     
   5153.0000000000000     
   5167.0000000000000     
   5171.0000000000000     
   5179.0000000000000     
   5189.0000000000000     
   5197.0000000000000     
   5209.0000000000000     
   5227.0000000000000     
   5231.0000000000000     
   5233.0000000000000     
   5237.0000000000000     
   5261.0000000000000     
   5273.0000000000000     
   5279.0000000000000     
   5281.0000000000000     
   5297.0000000000000     
   5303.0000000000000     
   5309.0000000000000     
   5323.0000000000000     
   5333.0000000000000     
   5347.0000000000000     
   5351.0000000000000     
   5381.0000000000000     
   5387.0000000000000     
   5393.0000000000000     
   5399.0000000000000     
   5407.0000000000000     
   5413.0000000000000     
   5417.0000000000000     
   5419.0000000000000     
   5431.0000000000000     
   5437.0000000000000     
   5441.0000000000000     
   5443.0000000000000     
   5449.0000000000000     
   5471.0000000000000     
   5477.0000000000000     
   5479.0000000000000     
   5483.0000000000000     
   5501.0000000000000     
   5503.0000000000000     
   5507.0000000000000     
   5519.0000000000000     
   5521.0000000000000     
   5527.0000000000000     
   5531.0000000000000     
   5557.0000000000000     
   5563.0000000000000     
   5569.0000000000000     
   5573.0000000000000     
   5581.0000000000000     
   5591.0000000000000     
   5623.0000000000000     
   5639.0000000000000     
   5641.0000000000000     
   5647.0000000000000     
   5651.0000000000000     
   5653.0000000000000     
   5657.0000000000000     
   5659.0000000000000     
   5669.0000000000000     
   5683.0000000000000     
   5689.0000000000000     
   5693.0000000000000     
   5701.0000000000000     
   5711.0000000000000     
   5717.0000000000000     
   5737.0000000000000     
   5741.0000000000000     
   5743.0000000000000     
   5749.0000000000000     
   5779.0000000000000     
   5783.0000000000000     
   5791.0000000000000     
   5801.0000000000000     
   5807.0000000000000     
   5813.0000000000000     
   5821.0000000000000     
   5827.0000000000000     
   5839.0000000000000     
   5843.0000000000000     
   5849.0000000000000     
   5851.0000000000000     
   5857.0000000000000     
   5861.0000000000000     
   5867.0000000000000     
   5869.0000000000000     
   5879.0000000000000     
   5881.0000000000000     
   5897.0000000000000     
   5903.0000000000000     
   5923.0000000000000     
   5927.0000000000000     
   5939.0000000000000     
   5953.0000000000000     
   5981.0000000000000     
   5987.0000000000000     
   6007.0000000000000     
   6011.0000000000000     
   6029.0000000000000     
   6037.0000000000000     
   6043.0000000000000     
   6047.0000000000000     
   6053.0000000000000     
   6067.0000000000000     
   6073.0000000000000     
   6079.0000000000000     
   6089.0000000000000     
   6091.0000000000000     
   6101.0000000000000     
   6113.0000000000000     
   6121.0000000000000     
   6131.0000000000000     
   6133.0000000000000     
   6143.0000000000000     
   6151.0000000000000     
   6163.0000000000000     
   6173.0000000000000     
   6197.0000000000000     
   6199.0000000000000     
   6203.0000000000000     
   6211.0000000000000     
   6217.0000000000000     
   6221.0000000000000     
   6229.0000000000000     
   6247.0000000000000     
   6257.0000000000000     
   6263.0000000000000     
   6269.0000000000000     
   6271.0000000000000     
   6277.0000000000000     
   6287.0000000000000     
   6299.0000000000000     
   6301.0000000000000     
   6311.0000000000000     
   6317.0000000000000     
   6323.0000000000000     
   6329.0000000000000     
   6337.0000000000000     
   6343.0000000000000     
   6353.0000000000000     
   6359.0000000000000     
   6361.0000000000000     
   6367.0000000000000     
   6373.0000000000000     
   6379.0000000000000     
   6389.0000000000000     
   6397.0000000000000     
   6421.0000000000000     
   6427.0000000000000     
   6449.0000000000000     
   6451.0000000000000     
   6469.0000000000000     
   6473.0000000000000     
   6481.0000000000000     
   6491.0000000000000     
   6521.0000000000000     
   6529.0000000000000     
   6547.0000000000000     
   6551.0000000000000     
   6553.0000000000000     
   6563.0000000000000     
   6569.0000000000000     
   6571.0000000000000     
   6577.0000000000000     
   6581.0000000000000     
   6599.0000000000000     
   6607.0000000000000     
   6619.0000000000000     
   6637.0000000000000     
   6653.0000000000000     
   6659.0000000000000     
   6661.0000000000000     
   6673.0000000000000     
   6679.0000000000000     
   6689.0000000000000     
   6691.0000000000000     
   6701.0000000000000     
   6703.0000000000000     
   6709.0000000000000     
   6719.0000000000000     
   6733.0000000000000     
   6737.0000000000000     
   6761.0000000000000     
   6763.0000000000000     
   6779.0000000000000     
   6781.0000000000000     
   6791.0000000000000     
   6793.0000000000000     
   6803.0000000000000     
   6823.0000000000000     
   6827.0000000000000     
   6829.0000000000000     
   6833.0000000000000     
   6841.0000000000000     
   6857.0000000000000     
   6863.0000000000000     
   6869.0000000000000     
   6871.0000000000000     
   6883.0000000000000     
   6899.0000000000000     
   6907.0000000000000     
   6911.0000000000000     
   6917.0000000000000     
   6947.0000000000000     
   6949.0000000000000     
   6959.0000000000000     
   6961.0000000000000     
   6967.0000000000000     
   6971.0000000000000     
   6977.0000000000000     
   6983.0000000000000     
   6991.0000000000000     
   6997.0000000000000     
   7001.0000000000000     
   7013.0000000000000     
   7019.0000000000000     
   7027.0000000000000     
   7039.0000000000000     
   7043.0000000000000     
   7057.0000000000000     
   7069.0000000000000     
   7079.0000000000000     
   7103.0000000000000     
   7109.0000000000000     
   7121.0000000000000     
   7127.0000000000000     
   7129.0000000000000     
   7151.0000000000000     
   7159.0000000000000     
   7177.0000000000000     
   7187.0000000000000     
   7193.0000000000000     
   7207.0000000000000     
   7211.0000000000000     
   7213.0000000000000     
   7219.0000000000000     
   7229.0000000000000     
   7237.0000000000000     
   7243.0000000000000     
   7247.0000000000000     
   7253.0000000000000     
   7283.0000000000000     
   7297.0000000000000     
   7307.0000000000000     
   7309.0000000000000     
   7321.0000000000000     
   7331.0000000000000     
   7333.0000000000000     
   7349.0000000000000     
   7351.0000000000000     
   7369.0000000000000     
   7393.0000000000000     
   7411.0000000000000     
   7417.0000000000000     
   7433.0000000000000     
   7451.0000000000000     
   7457.0000000000000     
   7459.0000000000000     
   7477.0000000000000     
   7481.0000000000000     
   7487.0000000000000     
   7489.0000000000000     
   7499.0000000000000     
   7507.0000000000000     
   7517.0000000000000     
   7523.0000000000000     
   7529.0000000000000     
   7537.0000000000000     
   7541.0000000000000     
   7547.0000000000000     
   7549.0000000000000     
   7559.0000000000000     
   7561.0000000000000     
   7573.0000000000000     
   7577.0000000000000     
   7583.0000000000000     
   7589.0000000000000     
   7591.0000000000000     
   7603.0000000000000     
   7607.0000000000000     
   7621.0000000000000     
   7639.0000000000000     
   7643.0000000000000     
   7649.0000000000000     
   7669.0000000000000     
   7673.0000000000000     
   7681.0000000000000     
   7687.0000000000000     
   7691.0000000000000     
   7699.0000000000000     
   7703.0000000000000     
   7717.0000000000000     
   7723.0000000000000     
   7727.0000000000000     
   7741.0000000000000     
   7753.0000000000000     
   7757.0000000000000     
   7759.0000000000000     
   7789.0000000000000     
   7793.0000000000000     
   7817.0000000000000     
   7823.0000000000000     
   7829.0000000000000     
   7841.0000000000000     
   7853.0000000000000     
   7867.0000000000000     
   7873.0000000000000     
   7877.0000000000000     
   7879.0000000000000     
   7883.0000000000000     
   7901.0000000000000     
   7907.0000000000000     
